1 -3  0  2  0  0 -0.01  0  0  0
1 -3  2  0  0  0 -0.01  0  0  0
1 -2  0  1 -1  0 -0.02  0  0  0
1 -2  0  1  0  0 -0.08  0 -0.01  0.01
1 -2  2 -1  0  0 -0.02  0  0  0
1 -1  0  0 -1  0 -0.10  0  0  0
1 -1  0  0  0  0 -0.51  0 -0.02  0.03
1 -1  2  0  0  0  0.01  0  0  0
1  0 -2  1  0  0  0.01  0  0  0
1  0  0 -1  0  0  0.02  0  0  0
1  0  0  1  0  0  0.06  0  0  0
1  0  0  1  1  0  0.01  0  0  0
1  0  2 -1  0  0  0.01  0  0  0
1  1 -3  0  0  1 -0.06  0  0  0
1  1 -2  0 -1  0  0.01  0  0  0
1  1 -2  0  0  0 -1.23 -0.07  0.06  0.01
1  1 -1  0  0 -1  0.02  0  0  0
1  1 -1  0  0  1  0.04  0  0  0
1  1  0  0 -1  0 -0.22  0.01  0.01  0
1  1  0  0  0  0 12.00 -0.80 -0.67 -0.03
1  1  0  0  1  0  1.73 -0.12 -0.10  0
1  1  0  0  2  0 -0.04  0  0  0
1  1  1  0  0 -1 -0.50 -0.01  0.03  0
1  1  1  0  0  1  0.01  0  0  0
1  0  1  0  1 -1 -0.01  0  0  0
1  1  2 -2  0  0 -0.01  0  0  0
1  1  2  0  0  0 -0.11  0.01  0.01  0
1  2 -2  1  0  0 -0.01  0  0  0
1  2  0 -1  0  0 -0.02  0  0  0
1  3  0  0  0  0  0  0  0  0
1  3  0  0  1  0  0  0  0  0