1 0.226932E+03 0.00E+00 0.169763E+03 0.00E+00 0.407032E+01 0.00E+00 0.110065E+11 0.12E+08 0.501110E+09 0.00E+00 0.128146E+09 0.00E+00 0.133527E+09 0.00E+00 0.254731E+09 0.00E+00 0.355178E+08 0.00E+00 0.661880E+07 0.00E+00 0.000000E+00 0.00E+00 0.000000E+00 0.00E+00
2-0.372422E-05 0.00E+00-0.750896E-01 0.00E+00 0.000000E+00 0.00E+00-0.132629E+00 0.49E-02-0.299834E-08 0.00E+00 0.000000E+00 0.00E+00 0.000000E+00 0.00E+00 0.000000E+00 0.00E+00 0.000000E+00 0.00E+00 0.200000E+00 0.00E+00 0.000000E+00 0.00E+00 0.000000E+00 0.00E+00
3-0.580413E-03 0.00E+00 0.236530E-02 0.00E+00 0.000000E+00 0.00E+00-0.598009E-00 0.50E-02-0.000000E-00 0.00E+00 0.000000E+00 0.00E+00 0.000000E+00 0.00E+00 0.000000E+00 0.00E+00 0.000000E+00 0.00E+00 0.000000E+00 0.00E+00 0.000000E+00 0.00E+00 0.000000E+00 0.00E+00
4-0.111180E-04 0.00E+00-0.535410E-02 0.00E+00 0.000000E+00 0.00E+00-0.876863E-03 0.56E-02-0.200000E-08 0.00E+00 0.000000E+00 0.00E+00 0.000000E+00 0.00E+00 0.000000E+00 0.00E+00 0.000000E+00 0.00E+00-0.100000E+00 0.00E+00 0.000000E+00 0.00E+00 0.000000E+00 0.00E+00
5 0.721520E-02 0.00E+00 0.138965E-02 0.62E-05 0.000000E+00 0.00E+00 0.112690E-02 0.00E+00 0.500000E-02 0.00E+00-0.347342E-02 0.00E+00-0.177664E-02 0.00E+00-0.348087E-02 0.00E+00-0.290544E-02 0.00E+00 0.200000E-02 0.00E+00 0.000000E+00 0.00E+00 0.000000E+00 0.00E+00
6 0.401038E-03 0.00E+00-0.135127E-01 0.00E+00 0.000000E-04 0.00E+00-0.116190E+00 0.39E-02-0.300363E-00 0.00E+00 0.110692E+00 0.00E+00 0.147606E+00 0.00E+00 0.110932E+00 0.00E+00 0.123159E+00 0.00E+00-0.020000E-00 0.00E+00 0.000000E+00 0.00E+00 0.000000E+00 0.00E+00
7-0.635205E-01 0.00E+00 0.269928E-01 0.00E+00 0.000000E-04 0.00E+00-0.559003E+00 0.42E-02 0.050066E-00 0.00E+00 0.719648E+00 0.00E+00 0.967759E+00 0.00E+00 0.720995E+00 0.00E+00 0.802556E+00 0.00E+00-0.060000E-00 0.00E+00 0.000000E+00 0.00E+00 0.000000E+00 0.00E+00
8 0.100000E-03 0.00E+00 0.344571E-04 0.88E-05 0.000000E-06 0.00E+00-0.345337E-03 0.00E+00 0.336334E-08 0.00E+00 0.615105E-04 0.00E+00-0.232877E-03 0.00E+00 0.428137E-04 0.00E+00-0.503435E-04 0.00E+00 0.000000E+00 0.00E+00 0.000000E+00 0.00E+00 0.000000E+00 0.00E+00
9-0.135000E-02 0.00E+00 0.120614E-03 0.86E-05 0.000000E-05 0.00E+00-0.236417E-02 0.00E+00 0.220899E-08 0.00E+00 0.381507E-03 0.00E+00-0.163206E-02 0.00E+00 0.271390E-03 0.00E+00-0.370080E-03 0.00E+00 0.000000E+00 0.00E+00 0.000000E+00 0.00E+00 0.000000E+00 0.00E+00
10-0.839578E-05 0.00E+00 0.492368E-02 0.00E+00 0.000000E+00 0.00E+00-0.244419E-01 0.56E-02 0.000096E+00 0.00E+00 0.000000E+00 0.00E+00 0.000000E+00 0.00E+00 0.000000E+00 0.00E+00 0.000000E+00 0.00E+00 0.000000E+00 0.00E+00 0.000000E+00 0.00E+00 0.000000E+00 0.00E+00
11 0.575336E-05 0.00E+00-0.696624E-02 0.00E+00 0.000000E+00 0.00E+00-0.119775E-01 0.68E-02-0.000000E+00 0.00E+00 0.000000E+00 0.00E+00 0.000000E+00 0.00E+00 0.000000E+00 0.00E+00 0.000000E+00 0.00E+00 0.000000E+00 0.00E+00 0.000000E+00 0.00E+00 0.000000E+00 0.00E+00
12-0.393925E-01 0.00E+00 0.185870E-02 0.00E+00 0.000000E+00 0.00E+00-0.378425E-01 0.45E-02-0.250000E-08 0.11E+00 0.000000E+00 0.00E+00 0.000000E+00 0.00E+00 0.000000E+00 0.00E+00 0.000000E+00 0.00E+00 0.400000E+00 0.00E+00 0.000000E+00 0.00E+00 0.000000E+00 0.00E+00
13 0.212435E+00 0.00E+00 0.134456E+00 0.00E+00 0.000000E+00 0.00E+00 0.079394E+01 0.55E-02-0.150000E-08 0.11E+00 0.000000E+00 0.00E+00 0.000000E+00 0.00E+00 0.000000E+00 0.00E+00 0.000000E+00 0.00E+00-0.900000E+00 0.00E+00 0.000000E+00 0.00E+00 0.000000E+00 0.00E+00
14 0.903626E-03 0.00E+00-0.650429E-02 0.00E+00-0.650000E-05 0.00E+00 0.885329E-01 0.31E-02 0.100914E-00 0.00E+00-0.679487E-01 0.00E+00-0.856673E-01 0.00E+00-0.656797E-01 0.00E+00-0.720365E-01 0.00E+00 0.150000E+00 0.00E+00 0.000000E+00 0.00E+00 0.000000E+00 0.00E+00
15-0.206559E-03 0.00E+00-0.182243E-01 0.00E+00 0.800000E-05 0.00E+00 0.120209E-02 0.31E-02-0.050708E-00 0.00E+00 0.269512E-01 0.00E+00 0.332451E-01 0.00E+00 0.261134E-01 0.00E+00 0.284242E-01 0.00E+00 0.040000E+00 0.00E+00 0.000000E+00 0.00E+00 0.000000E+00 0.00E+00
16 0.000000E+00 0.00E+00 0.881042E-04 0.87E-05-0.880000E-06 0.00E+00-0.181154E-02 0.00E+00-0.141006E-08 0.00E+00-0.140584E-02 0.00E+00-0.170650E-02 0.00E+00-0.159889E-02 0.00E+00-0.164344E-02 0.00E+00 0.000000E+00 0.00E+00 0.000000E+00 0.00E+00 0.000000E+00 0.00E+00
17 0.000000E+00 0.00E+00-0.803250E-04 0.86E-05 0.490000E-06 0.00E+00 0.626019E-03 0.00E+00 0.504522E-08 0.00E+00 0.493685E-03 0.00E+00 0.603064E-03 0.00E+00 0.563851E-03 0.00E+00 0.578833E-03 0.00E+00 0.000000E+00 0.00E+00 0.000000E+00 0.00E+00 0.000000E+00 0.00E+00
18 0.479901E-02 0.00E+00 0.106393E-02 0.00E+00 0.000000E+00 0.00E+00-0.845423E-01 0.11E-01-0.060000E-00 0.00E+00 0.000000E+00 0.00E+00 0.000000E+00 0.00E+00 0.000000E+00 0.00E+00 0.000000E+00 0.00E+00 0.000000E+00 0.00E+00 0.000000E+00 0.00E+00 0.000000E+00 0.00E+00
19 0.249381E-01 0.00E+00 0.288038E-01 0.00E+00 0.000000E+00 0.00E+00 0.882971E-00 0.11E-01 0.400000E-00 0.00E+00 0.000000E+00 0.00E+00 0.000000E+00 0.00E+00 0.000000E+00 0.00E+00 0.000000E+00 0.00E+00 0.000000E+00 0.00E+00 0.000000E+00 0.00E+00 0.000000E+00 0.00E+00
20 0.567840E-03 0.00E+00-0.969317E-02 0.00E+00 0.000000E+00 0.00E+00-0.055053E+00 0.47E-02 0.000000E+00 0.11E+00 0.000000E+00 0.00E+00 0.000000E+00 0.00E+00 0.000000E+00 0.00E+00 0.000000E+00 0.00E+00 0.000000E+00 0.00E+00 0.000000E+00 0.00E+00 0.000000E+00 0.00E+00
21-0.168823E-03 0.00E+00-0.336558E-02 0.00E+00 0.000000E+00 0.00E+00-0.444001E-02 0.47E-02-0.000000E+00 0.11E+00 0.000000E+00 0.00E+00 0.000000E+00 0.00E+00 0.000000E+00 0.00E+00 0.000000E+00 0.00E+00 0.000000E+00 0.00E+00 0.000000E+00 0.00E+00 0.000000E+00 0.00E+00
22 0.175620E+00 0.00E+00 0.135820E+00 0.00E+00 0.000000E+00 0.00E+00 0.161327E+00 0.41E-02-0.100992E-00 0.00E+00 0.000000E+00 0.00E+00 0.000000E+00 0.00E+00 0.000000E+00 0.00E+00 0.000000E+00 0.00E+00 0.000000E+00 0.00E+00 0.000000E+00 0.00E+00 0.000000E+00 0.00E+00
23 0.175214E+00 0.00E+00 0.958600E-01 0.00E+00 0.000000E+00 0.00E+00 0.366189E+00 0.42E-02 0.300887E-00 0.00E+00 0.000000E+00 0.00E+00 0.000000E+00 0.00E+00 0.000000E+00 0.00E+00 0.000000E+00 0.00E+00-0.200000E+00 0.00E+00 0.000000E+00 0.00E+00 0.000000E+00 0.00E+00
24 0.157895E-04 0.00E+00 0.220022E-02 0.00E+00 0.000000E+00 0.00E+00-0.161210E-02 0.28E-02-0.000000E+00 0.00E+00 0.000000E+00 0.00E+00 0.000000E+00 0.00E+00 0.000000E+00 0.00E+00 0.000000E+00 0.00E+00 0.000000E+00 0.00E+00 0.000000E+00 0.00E+00 0.000000E+00 0.00E+00
25-0.318785E-02 0.00E+00-0.375800E-02 0.00E+00 0.000000E+00 0.00E+00 0.168313E-01 0.28E-02-0.000000E+00 0.00E+00 0.000000E+00 0.00E+00 0.000000E+00 0.00E+00 0.000000E+00 0.00E+00 0.000000E+00 0.00E+00 0.000000E+00 0.00E+00 0.000000E+00 0.00E+00 0.000000E+00 0.00E+00
26 0.759020E-02 0.00E+00 0.115979E-01 0.00E+00 0.000000E+00 0.00E+00 0.444246E-01 0.23E-02 0.000000E+00 0.00E+00 0.000000E+00 0.00E+00 0.000000E+00 0.00E+00 0.000000E+00 0.00E+00 0.000000E+00 0.00E+00 0.000000E+00 0.00E+00 0.000000E+00 0.00E+00 0.000000E+00 0.00E+00
27 0.447412E-02 0.00E+00 0.916790E-02 0.00E+00 0.000000E+00 0.00E+00 0.131215E+00 0.23E-02 0.000000E+00 0.00E+00 0.000000E+00 0.00E+00 0.000000E+00 0.00E+00 0.000000E+00 0.00E+00 0.000000E+00 0.00E+00 0.000000E+00 0.00E+00 0.000000E+00 0.00E+00 0.000000E+00 0.00E+00
28 0.000000E+00 0.00E+00 0.000000E+00 0.00E+00 0.000000E+00 0.00E+00 0.000000E+00 0.00E+00 0.000000E+00 0.00E+00 0.000000E+00 0.00E+00 0.000000E+00 0.00E+00 0.000000E+00 0.00E+00 0.000000E+00 0.00E+00 0.000000E+00 0.00E+00 0.000000E+00 0.00E+00 0.000000E+00 0.00E+00
29 0.000000E+00 0.00E+00 0.000000E+00 0.00E+00 0.000000E+00 0.00E+00 0.000000E+00 0.00E+00 0.000000E+00 0.00E+00 0.000000E+00 0.00E+00 0.000000E+00 0.00E+00 0.000000E+00 0.00E+00 0.000000E+00 0.00E+00 0.000000E+00 0.00E+00 0.000000E+00 0.00E+00 0.000000E+00 0.00E+00
30 0.000000E+00 0.00E+00 0.000000E+00 0.00E+00 0.000000E+00 0.00E+00 0.000000E+00 0.00E+00 0.000000E+00 0.00E+00 0.000000E+00 0.00E+00 0.000000E+00 0.00E+00 0.000000E+00 0.00E+00 0.000000E+00 0.00E+00 0.000000E+00 0.00E+00 0.000000E+00 0.00E+00 0.000000E+00 0.00E+00
31 0.204434E-03 0.00E+00 0.885327E-02 0.00E+00 0.000000E+00 0.00E+00 0.635223E-01 0.16E-02 0.000000E+00 0.00E+00 0.000000E+00 0.00E+00 0.000000E+00 0.00E+00 0.000000E+00 0.00E+00 0.000000E+00 0.00E+00 0.000000E+00 0.00E+00 0.000000E+00 0.00E+00 0.000000E+00 0.00E+00
32-0.874504E-03 0.00E+00-0.544968E-03 0.00E+00 0.000000E+00 0.00E+00-0.339925E-01 0.16E-02 0.000000E+00 0.00E+00 0.000000E+00 0.00E+00 0.000000E+00 0.00E+00 0.000000E+00 0.00E+00 0.000000E+00 0.00E+00 0.000000E+00 0.00E+00 0.000000E+00 0.00E+00 0.000000E+00 0.00E+00
33-0.413575E-04 0.00E+00-0.120295E-02 0.00E+00 0.000000E+00 0.00E+00-0.437459E-02 0.78E-03 0.000000E+00 0.00E+00 0.000000E+00 0.00E+00 0.000000E+00 0.00E+00 0.000000E+00 0.00E+00 0.000000E+00 0.00E+00 0.000000E+00 0.00E+00 0.000000E+00 0.00E+00 0.000000E+00 0.00E+00
34-0.792217E-05 0.00E+00 0.158907E-02 0.00E+00 0.000000E+00 0.00E+00-0.781535E-02 0.78E-03 0.000000E+00 0.00E+00 0.000000E+00 0.00E+00 0.000000E+00 0.00E+00 0.000000E+00 0.00E+00 0.000000E+00 0.00E+00 0.000000E+00 0.00E+00 0.000000E+00 0.00E+00 0.000000E+00 0.00E+00
35 0.129316E-04 0.00E+00-0.372751E-03 0.00E+00 0.000000E+00 0.00E+00 0.433640E-02 0.50E-03 0.000000E+00 0.00E+00 0.000000E+00 0.00E+00 0.000000E+00 0.00E+00 0.000000E+00 0.00E+00 0.000000E+00 0.00E+00 0.000000E+00 0.00E+00 0.000000E+00 0.00E+00 0.000000E+00 0.00E+00
36 0.717451E-05 0.00E+00-0.126953E-02 0.00E+00 0.000000E+00 0.00E+00-0.103457E-01 0.50E-03 0.000000E+00 0.00E+00 0.000000E+00 0.00E+00 0.000000E+00 0.00E+00 0.000000E+00 0.00E+00 0.000000E+00 0.00E+00 0.000000E+00 0.00E+00 0.000000E+00 0.00E+00 0.000000E+00 0.00E+00
37 0.000000E+00 0.00E+00 0.000000E+00 0.00E+00 0.000000E+00 0.00E+00 0.000000E+00 0.00E+00 0.000000E+00 0.00E+00 0.000000E+00 0.00E+00 0.000000E+00 0.00E+00 0.000000E+00 0.00E+00 0.000000E+00 0.00E+00 0.000000E+00 0.00E+00 0.000000E+00 0.00E+00 0.000000E+00 0.00E+00
38 0.000000E+00 0.00E+00 0.000000E+00 0.00E+00 0.000000E+00 0.00E+00 0.000000E+00 0.00E+00 0.000000E+00 0.00E+00 0.000000E+00 0.00E+00 0.000000E+00 0.00E+00 0.000000E+00 0.00E+00 0.000000E+00 0.00E+00 0.000000E+00 0.00E+00 0.000000E+00 0.00E+00 0.000000E+00 0.00E+00
39 0.000000E+00 0.00E+00 0.000000E+00 0.00E+00 0.000000E+00 0.00E+00 0.000000E+00 0.00E+00 0.000000E+00 0.00E+00 0.000000E+00 0.00E+00 0.000000E+00 0.00E+00 0.000000E+00 0.00E+00 0.000000E+00 0.00E+00 0.000000E+00 0.00E+00 0.000000E+00 0.00E+00 0.000000E+00 0.00E+00
40 0.000000E+00 0.00E+00-0.500000E-04 0.00E+00 0.000000E-04 0.00E+00 0.000000E-04 0.00E+00 0.743494E-09 0.00E+00 0.477270E-05 0.00E+00 0.000000E+00 0.00E+00 0.000000E+00 0.00E+00 0.000000E+00 0.00E+00 0.306000E-09 0.00E+00 0.000000E+00 0.00E+00 0.000000E+00 0.00E+00
41 0.300000E+00 0.00E+00 0.400000E+00 0.00E+00 0.000000E+00 0.00E+00 0.650000E+01 0.00E+00 0.000000E+01 0.00E+00 0.000000E+00 0.00E+00 0.000000E+00 0.00E+00 0.000000E+00 0.00E+00 0.000000E+00 0.00E+00 0.000000E+01 0.00E+00 0.000000E+00 0.00E+00 0.000000E+00 0.00E+00
42 0.300000E+00 0.00E+00 0.400000E+00 0.00E+00 0.000000E+00 0.00E+00 0.650000E+01 0.00E+00 0.000000E+01 0.00E+00 0.000000E+00 0.00E+00 0.000000E+00 0.00E+00 0.000000E+00 0.00E+00 0.000000E+00 0.00E+00 0.000000E+01 0.00E+00 0.000000E+00 0.00E+00 0.000000E+00 0.00E+00
43 0.000000E+00 0.00E+00 0.000000E+00 0.00E+00 0.000000E+00 0.00E+00 0.000000E+00 0.00E+00 0.000000E+00 0.00E+00 0.000000E+00 0.00E+00 0.000000E+00 0.00E+00 0.000000E+00 0.00E+00 0.000000E+00 0.00E+00 0.000000E+00 0.00E+00 0.000000E+00 0.00E+00 0.000000E+00 0.00E+00
44 0.000000E+00 0.00E+00 0.000000E+00 0.00E+00 0.000000E+00 0.00E+00 0.000000E+00 0.00E+00 0.000000E+00 0.00E+00 0.000000E+00 0.00E+00 0.000000E+00 0.00E+00 0.000000E+00 0.00E+00 0.000000E+00 0.00E+00 0.000000E+00 0.00E+00 0.000000E+00 0.00E+00 0.000000E+00 0.00E+00
45 0.000000E+00 0.00E+00 0.000000E+00 0.00E+00 0.000000E+00 0.00E+00 0.000000E+00 0.00E+00 0.000000E+00 0.00E+00 0.000000E+00 0.00E+00 0.000000E+00 0.00E+00 0.000000E+00 0.00E+00 0.000000E+00 0.00E+00 0.000000E+00 0.00E+00 0.000000E+00 0.00E+00 0.000000E+00 0.00E+00
46 0.000000E+00 0.00E+00 0.000000E+00 0.00E+00 0.000000E+00 0.00E+00 0.000000E+00 0.00E+00 0.000000E+00 0.00E+00 0.000000E+00 0.00E+00 0.000000E+00 0.00E+00 0.000000E+00 0.00E+00 0.000000E+00 0.00E+00 0.000000E+00 0.00E+00 0.000000E+00 0.00E+00 0.000000E+00 0.00E+00
47 0.000000E+00 0.00E+00 0.000000E+00 0.00E+00 0.000000E+00 0.00E+00 0.000000E+00 0.00E+00 0.000000E+00 0.00E+00 0.000000E+00 0.00E+00 0.000000E+00 0.00E+00 0.000000E+00 0.00E+00 0.000000E+00 0.00E+00 0.000000E+00 0.00E+00 0.000000E+00 0.00E+00 0.000000E+00 0.00E+00
48 0.000000E+00 0.00E+00 0.000000E+00 0.00E+00 0.000000E+00 0.00E+00 0.000000E+00 0.00E+00 0.000000E+00 0.00E+00 0.000000E+00 0.00E+00 0.000000E+00 0.00E+00 0.000000E+00 0.00E+00 0.000000E+00 0.00E+00 0.000000E+00 0.00E+00 0.000000E+00 0.00E+00 0.000000E+00 0.00E+00
49 0.000000E+00 0.00E+00 0.000000E+00 0.00E+00 0.000000E+00 0.00E+00 0.000000E+00 0.00E+00 0.000000E+00 0.00E+00 0.000000E+00 0.00E+00 0.000000E+00 0.00E+00 0.000000E+00 0.00E+00 0.000000E+00 0.00E+00 0.000000E+00 0.00E+00 0.000000E+00 0.00E+00 0.000000E+00 0.00E+00
50 0.000000E+00 0.00E+00 0.000000E+00 0.00E+00 0.000000E+00 0.00E+00 0.000000E+00 0.00E+00 0.000000E+00 0.00E+00 0.000000E+00 0.00E+00 0.000000E+00 0.00E+00 0.000000E+00 0.00E+00 0.000000E+00 0.00E+00 0.000000E+00 0.00E+00 0.000000E+00 0.00E+00 0.000000E+00 0.00E+00
51 0.000000E+00 0.00E+00 0.000000E+00 0.00E+00 0.000000E+00 0.00E+00 0.000000E+00 0.00E+00 0.000000E+00 0.00E+00 0.000000E+00 0.00E+00 0.000000E+00 0.00E+00 0.000000E+00 0.00E+00 0.000000E+00 0.00E+00 0.000000E+00 0.00E+00 0.000000E+00 0.00E+00 0.000000E+00 0.00E+00
52 0.000000E+00 0.00E+00 0.000000E+00 0.00E+00 0.000000E+00 0.00E+00 0.000000E+00 0.00E+00 0.000000E+00 0.00E+00 0.000000E+00 0.00E+00 0.000000E+00 0.00E+00 0.000000E+00 0.00E+00 0.000000E+00 0.00E+00 0.000000E+00 0.00E+00 0.000000E+00 0.00E+00 0.000000E+00 0.00E+00
53 0.000000E+00 0.00E+00 0.000000E+00 0.00E+00 0.000000E+00 0.00E+00 0.000000E+00 0.00E+00 0.000000E+00 0.00E+00 0.000000E+00 0.00E+00 0.000000E+00 0.00E+00 0.000000E+00 0.00E+00 0.000000E+00 0.00E+00 0.000000E+00 0.00E+00 0.000000E+00 0.00E+00 0.000000E+00 0.00E+00
54 0.000000E+00 0.00E+00 0.000000E+00 0.00E+00 0.000000E+00 0.00E+00 0.000000E+00 0.00E+00 0.000000E+00 0.00E+00 0.000000E+00 0.00E+00 0.000000E+00 0.00E+00 0.000000E+00 0.00E+00 0.000000E+00 0.00E+00 0.000000E+00 0.00E+00 0.000000E+00 0.00E+00 0.000000E+00 0.00E+00
55 0.000000E+00 0.00E+00 0.000000E+00 0.00E+00 0.000000E+00 0.00E+00 0.000000E+00 0.00E+00 0.000000E+00 0.00E+00 0.000000E+00 0.00E+00 0.000000E+00 0.00E+00 0.000000E+00 0.00E+00 0.000000E+00 0.00E+00 0.000000E+00 0.00E+00 0.000000E+00 0.00E+00 0.000000E+00 0.00E+00
56 0.000000E+00 0.00E+00 0.000000E+00 0.00E+00 0.000000E+00 0.00E+00 0.000000E+00 0.00E+00 0.000000E+00 0.00E+00 0.000000E+00 0.00E+00 0.000000E+00 0.00E+00 0.000000E+00 0.00E+00 0.000000E+00 0.00E+00 0.000000E+00 0.00E+00 0.000000E+00 0.00E+00 0.000000E+00 0.00E+00
57 0.000000E+00 0.00E+00 0.000000E+00 0.00E+00 0.000000E+00 0.00E+00 0.000000E+00 0.00E+00 0.000000E+00 0.00E+00 0.000000E+00 0.00E+00 0.000000E+00 0.00E+00 0.000000E+00 0.00E+00 0.000000E+00 0.00E+00 0.000000E+00 0.00E+00 0.000000E+00 0.00E+00 0.000000E+00 0.00E+00
58 0.000000E+00 0.00E+00 0.000000E+00 0.00E+00 0.000000E+00 0.00E+00 0.000000E+00 0.00E+00 0.000000E+00 0.00E+00 0.000000E+00 0.00E+00 0.000000E+00 0.00E+00 0.000000E+00 0.00E+00 0.000000E+00 0.00E+00 0.000000E+00 0.00E+00 0.000000E+00 0.00E+00 0.000000E+00 0.00E+00
59 0.000000E+00 0.00E+00 0.000000E+00 0.00E+00 0.000000E+00 0.00E+00 0.000000E+00 0.00E+00 0.000000E+00 0.00E+00 0.000000E+00 0.00E+00 0.000000E+00 0.00E+00 0.000000E+00 0.00E+00 0.000000E+00 0.00E+00 0.000000E+00 0.00E+00 0.000000E+00 0.00E+00 0.000000E+00 0.00E+00
60-0.000000E+00 0.00E+00 0.648545E-02 0.00E+00 0.000000E+00 0.00E+00-0.250000E-01 0.51E-02 0.000000E+00 0.00E+00 0.000000E+00 0.00E+00 0.000000E+00 0.00E+00 0.000000E+00 0.00E+00 0.000000E+00 0.00E+00-0.000000E+00 0.00E+00 0.000000E+00 0.00E+00 0.000000E+00 0.00E+00
61 0.000000E+00 0.00E+00 0.207435E-02 0.00E+00 0.000000E+00 0.00E+00-0.100000E+00 0.89E-02 0.000000E+00 0.00E+00 0.000000E+00 0.00E+00 0.000000E+00 0.00E+00 0.000000E+00 0.00E+00 0.000000E+00 0.00E+00 0.000000E+00 0.00E+00 0.000000E+00 0.00E+00 0.000000E+00 0.00E+00
62-0.900000E-03 0.00E+00 0.500768E-04 0.12E-04 0.000000E+00 0.00E+00 0.000000E+00 0.00E+00 0.000000E+00 0.00E+00 0.000000E+00 0.00E+00 0.000000E+00 0.00E+00 0.000000E+00 0.00E+00 0.000000E+00 0.00E+00 0.000000E+00 0.00E+00 0.000000E+00 0.00E+00 0.000000E+00 0.00E+00
63 0.450000E-02 0.00E+00-0.677926E-03 0.12E-04 0.000000E+00 0.00E+00 0.000000E+00 0.00E+00 0.000000E+00 0.00E+00 0.000000E+00 0.00E+00 0.000000E+00 0.00E+00 0.000000E+00 0.00E+00 0.000000E+00 0.00E+00 0.000000E+00 0.00E+00 0.000000E+00 0.00E+00 0.000000E+00 0.00E+00
64-0.302798E-04 0.00E+00 0.000000E+00 0.00E+00 0.000000E+00 0.00E+00-0.345225E-01 0.13E-01 0.000000E+00 0.00E+00 0.000000E+00 0.00E+00 0.000000E+00 0.00E+00 0.000000E+00 0.00E+00 0.000000E+00 0.00E+00 0.000000E+00 0.00E+00 0.000000E+00 0.00E+00 0.000000E+00 0.00E+00
65 0.137452E-01 0.00E+00 0.000000E+00 0.00E+00 0.000000E+00 0.00E+00 0.140686E+00 0.12E-01 0.200000E-00 0.00E+00 0.000000E+00 0.00E+00 0.000000E+00 0.00E+00 0.000000E+00 0.00E+00 0.000000E+00 0.00E+00 0.000000E+00 0.00E+00 0.000000E+00 0.00E+00 0.000000E+00 0.00E+00
66 0.000000E+00 0.00E+00-0.125640E-03 0.12E-04 0.000000E+00 0.00E+00 0.000000E+00 0.00E+00-0.080000E-00 0.00E+00 0.000000E+00 0.00E+00 0.000000E+00 0.00E+00 0.000000E+00 0.00E+00 0.000000E+00 0.00E+00-0.000000E+00 0.00E+00 0.000000E+00 0.00E+00 0.000000E+00 0.00E+00
67 0.000000E+00 0.00E+00-0.815167E-05 0.12E-04 0.000000E+00 0.00E+00 0.000000E+00 0.00E+00 0.240000E-00 0.00E+00 0.000000E+00 0.00E+00 0.000000E+00 0.00E+00 0.000000E+00 0.00E+00 0.000000E+00 0.00E+00 0.110000E-00 0.00E+00 0.000000E+00 0.00E+00 0.000000E+00 0.00E+00
68 0.000000E+00 0.00E+00 0.000000E+00 0.00E+00 0.000000E+00 0.00E+00 0.596750E-01 0.10E-01 0.000000E+00 0.00E+00 0.000000E+00 0.00E+00 0.000000E+00 0.00E+00 0.000000E+00 0.00E+00 0.000000E+00 0.00E+00 0.000000E+00 0.00E+00 0.000000E+00 0.00E+00 0.000000E+00 0.00E+00
69 0.000000E+00 0.00E+00 0.000000E+00 0.00E+00 0.000000E+00 0.00E+00-0.343652E-01 0.99E-02 0.000000E+00 0.00E+00 0.000000E+00 0.00E+00 0.000000E+00 0.00E+00 0.000000E+00 0.00E+00 0.000000E+00 0.00E+00 0.000000E+00 0.00E+00 0.000000E+00 0.00E+00 0.000000E+00 0.00E+00
70 0.000000E+00 0.00E+00 0.000000E+00 0.00E+00 0.000000E+00 0.00E+00 0.000000E+00 0.00E+00 0.000000E+00 0.00E+00 0.000000E+00 0.00E+00 0.000000E+00 0.00E+00 0.000000E+00 0.00E+00 0.000000E+00 0.00E+00 0.000000E+00 0.00E+00 0.000000E+00 0.00E+00 0.000000E+00 0.00E+00
